cost: 99520.75374027007

[[ 7275  7860]
 [10250  7775]
 [11268  8175]
 [11268  7375]
 [11893  7375]
 [12450  7690]
 [12450  7860]
 [11893  8175]
 [12450  8485]
 [13085  8175]
 [13710  8175]
 [13710  7375]
 [13085  7375]
 [12450  7065]
 [12450  5935]
 [11893  5625]
 [11268  5625]
 [10250  5225]
 [11268  4825]
 [11893  4825]
 [12450  5140]
 [12450  5310]
 [13085  5625]
 [13710  5625]
 [13710  4825]
 [13085  4825]
 [12450  4515]
 [12450  3385]
 [11893  3075]
 [11268  3075]
 [10250  2675]
 [11268  2275]
 [11893  2275]
 [12450  1965]
 [13085  2275]
 [12450  2590]
 [12450  2760]
 [13085  3075]
 [13710  3075]
 [13710  2275]
 [14425  1965]
 [14425  2590]
 [14425  2760]
 [14425  3385]
 [14425  4515]
 [14425  5140]
 [14425  5310]
 [14425  5935]
 [14425  7065]
 [14425  7690]
 [14425  7860]
 [14425  8485]
 [14425  9615]
 [14425 10240]
 [14425 10410]
 [14425 11035]
 [13710 10725]
 [13710  9925]
 [13085  9925]
 [12450  9615]
 [11893  9925]
 [12450 10240]
 [12450 10410]
 [13085 10725]
 [12450 11035]
 [11893 10725]
 [11268 10725]
 [11268  9925]
 [10250 10325]
 [ 7275 10240]
 [ 7275 10410]
 [ 7275 11035]
 [ 6560 10725]
 [ 5935 10725]
 [ 5300 10240]
 [ 5300 10410]
 [ 5300 11035]
 [ 4743 10725]
 [ 4118 10725]
 [ 3100 10325]
 [ 4118  9925]
 [ 4743  9925]
 [ 5300  9615]
 [ 5935  9925]
 [ 6560  9925]
 [ 7275  9615]
 [ 7275  8485]
 [ 6560  8175]
 [ 5935  8175]
 [ 5300  8485]
 [ 4743  8175]
 [ 5300  7860]
 [ 5300  7690]
 [ 4743  7375]
 [ 4118  7375]
 [ 4118  8175]
 [ 3100  7775]
 [ 3100  5225]
 [ 4118  4825]
 [ 4118  5625]
 [ 4743  5625]
 [ 5300  5310]
 [ 5300  5140]
 [ 4743  4825]
 [ 5300  4515]
 [ 5300  3385]
 [ 4743  3075]
 [ 4118  3075]
 [ 3100  2675]
 [ 4118  2275]
 [ 4743  2275]
 [ 5300  1965]
 [ 5935  2275]
 [ 5300  2590]
 [ 5300  2760]
 [ 5935  3075]
 [ 6560  3075]
 [ 6560  2275]
 [ 7275  1965]
 [ 7275  2590]
 [ 7275  2760]
 [ 7275  3385]
 [ 7275  4515]
 [ 7275  5140]
 [ 7275  5310]
 [ 7275  5935]
 [ 6560  5625]
 [ 6560  4825]
 [ 5935  4825]
 [ 5935  5625]
 [ 5300  5935]
 [ 5300  7065]
 [ 5935  7375]
 [ 6560  7375]
 [ 7275  7065]
 [ 7275  7690]]